2 0.835412 0.486660 0.088077 0.059813
0 0.512033 0.751026 0.593846 0.237948
1 0.499835 0.938675 0.940440 0.117052
2 0.811071 0.090354 0.103022 0.030560
2 0.204973 0.309813 0.134890 0.082687
2 0.500989 0.306642 0.146154 0.086493
2 0.812005 0.295821 0.101154 0.059776
2 0.866346 0.306642 0.097418 0.078881
2 0.136621 0.503843 0.084341 0.071269
2 0.218104 0.496847 0.108626 0.064888
2 0.255577 0.550914 0.074890 0.063619
2 0.486016 0.496194 0.086209 0.078881
2 0.200110 0.135896 0.108681 0.129776
2 0.414835 0.098004 0.071209 0.043246
2 0.485989 0.102444 0.116154 0.062351
2 0.556264 0.092892 0.091758 0.038172
