3 0.440055 0.346045 0.207912 0.142463
2 0.115797 0.446325 0.213571 0.150112
3 0.589725 0.510541 0.157363 0.138694
3 0.706071 0.303414 0.136758 0.113246
3 0.603049 0.293881 0.099286 0.101791
3 0.767912 0.478377 0.178022 0.119590
3 0.918709 0.465634 0.142363 0.165373
3 0.567445 0.674291 0.170495 0.122164
3 0.728571 0.708004 0.148022 0.138694
3 0.871896 0.748078 0.142363 0.127201
3 0.935934 0.706101 0.128132 0.178097
3 0.910659 0.911567 0.178681 0.148881
3 0.704231 0.863862 0.155495 0.109440
3 0.541236 0.867034 0.170495 0.113246
3 0.408187 0.769067 0.155495 0.070000
3 0.214203 0.050243 0.213791 0.090336
3 0.230247 0.171735 0.211703 0.117052
3 0.455989 0.090951 0.269780 0.166679
3 0.446593 0.213713 0.194835 0.117052
