3 0.172170 0.385485 0.129286 0.050896
2 0.574780 0.555093 0.243516 0.153918
0 0.529066 0.847966 0.826154 0.298993
3 0.158874 0.448209 0.176099 0.087761
3 0.100027 0.316791 0.089945 0.005075
3 0.098132 0.335224 0.112418 0.049627
3 0.146841 0.289440 0.138626 0.049627
3 0.201181 0.227071 0.146099 0.064888
3 0.339808 0.286884 0.179835 0.064888
3 0.492500 0.191474 0.170495 0.090336
3 0.706071 0.226455 0.133022 0.071269
3 0.723874 0.312332 0.213571 0.090336
3 0.536538 0.309160 0.104945 0.066157
3 0.437253 0.403302 0.198571 0.083993
3 0.653654 0.398209 0.136758 0.083955
3 0.905604 0.382929 0.142418 0.066157
3 0.948132 0.260168 0.103736 0.059813
3 0.977170 0.339049 0.045659 0.064888
3 0.848489 0.473265 0.249176 0.091604
3 0.635659 0.800000 0.380330 0.134851
