2 0.341731 0.174291 0.080604 0.025448
2 0.245165 0.229571 0.048901 0.021754
2 0.308022 0.218209 0.039341 0.031791
2 0.140330 0.364515 0.030000 0.021642
2 0.158104 0.382966 0.020604 0.020336
2 0.179670 0.389963 0.022527 0.031791
2 0.204038 0.400784 0.022473 0.025448
2 0.256484 0.391231 0.026264 0.024179
2 0.293956 0.379776 0.030000 0.019104
2 0.645220 0.407780 0.046813 0.044515
1 0.516786 0.939646 0.944231 0.090336
0 0.522335 0.824179 0.805549 0.129776
2 0.475495 0.443134 0.067473 0.042015
2 0.357445 0.304459 0.138626 0.095410
2 0.483159 0.134869 0.048736 0.061082
2 0.588104 0.147593 0.052473 0.030560
2 0.648984 0.112593 0.061813 0.041978
2 0.712665 0.155858 0.046868 0.034328
2 0.394176 0.131679 0.080549 0.026716
