2 0.623681 0.562351 0.176154 0.076343
2 0.630055 0.651157 0.162967 0.157761
2 0.530000 0.658396 0.089890 0.082687
2 0.457885 0.598601 0.110495 0.064888
3 0.038764 0.276082 0.077527 0.134851
0 0.524203 0.888433 0.494560 0.085224
1 0.516071 0.959478 0.967857 0.078881
3 0.215989 0.271362 0.245385 0.141231
3 0.472857 0.269067 0.352198 0.133582
3 0.159038 0.094142 0.305330 0.175597
3 0.497198 0.098601 0.340989 0.169216
3 0.834423 0.098601 0.288516 0.171754
3 0.799780 0.275429 0.230440 0.153918
3 0.965907 0.260802 0.068187 0.127201
