3 0.475659 0.823787 0.106813 0.097948
3 0.615247 0.894403 0.134890 0.106866
3 0.344505 0.764608 0.091758 0.061082
3 0.142170 0.917295 0.129286 0.076306
3 0.070055 0.777966 0.071209 0.095410
3 0.892500 0.839683 0.172363 0.127201
3 0.777280 0.484720 0.110495 0.071231
2 0.829780 0.379160 0.189231 0.241754
3 0.089725 0.673657 0.091758 0.054701
3 0.115027 0.564869 0.089945 0.038172
3 0.441923 0.318694 0.076813 0.052164
3 0.656236 0.376959 0.129286 0.085261
1 0.497033 0.056381 0.758791 0.049627
0 0.497033 0.165149 0.893626 0.167910
2 0.495357 0.522929 0.209835 0.117052
2 0.163791 0.344160 0.236044 0.250634
