3 0.219918 0.111306 0.056209 0.057239
3 0.046621 0.302146 0.069286 0.204813
3 0.140302 0.615131 0.136758 0.087799
3 0.387610 0.524160 0.174231 0.056007
3 0.932775 0.316138 0.080604 0.092873
3 0.918736 0.423657 0.116154 0.137388
3 0.794121 0.608769 0.189231 0.095448
3 0.616181 0.542612 0.058077 0.072537
3 0.618984 0.604963 0.131154 0.105597
3 0.644258 0.696567 0.174231 0.077612
3 0.404451 0.700354 0.144286 0.067425
3 0.380852 0.663862 0.200495 0.061082
0 0.481319 0.300261 0.738132 0.432537
3 0.139368 0.120840 0.097418 0.066157
3 0.232115 0.194646 0.136758 0.066157
3 0.584313 0.079496 0.177967 0.115784
3 0.856896 0.054067 0.187308 0.077612
3 0.762280 0.110672 0.084341 0.081418
3 0.899038 0.131026 0.129286 0.083993
