2 0.189038 0.764011 0.119945 0.072500
2 0.108297 0.147332 0.149890 0.114515
2 0.371703 0.174310 0.219231 0.117052
2 0.563736 0.180037 0.153626 0.153955
2 0.846621 0.167313 0.172363 0.128507
2 0.666786 0.400765 0.142363 0.114515
2 0.845687 0.395672 0.144231 0.078881
2 0.452170 0.340989 0.159396 0.117052
2 0.150522 0.321250 0.148187 0.092873
2 0.071016 0.760821 0.093681 0.094179
2 0.388571 0.752556 0.162967 0.136157
2 0.515027 0.746194 0.149835 0.087761
2 0.549670 0.652668 0.110549 0.061082
2 0.699560 0.772276 0.118022 0.109403
2 0.834451 0.779888 0.159231 0.078881
0 0.477363 0.553190 0.918022 0.173022
1 0.500000 0.942500 1.000000 0.076343
