2 0.673324 0.786269 0.054341 0.043284
2 0.342665 0.213750 0.093681 0.081455
2 0.439148 0.232836 0.091813 0.061045
2 0.518764 0.297705 0.104890 0.068694
2 0.621813 0.241119 0.112418 0.052164
2 0.711758 0.185112 0.078681 0.082687
2 0.553434 0.814254 0.147967 0.114478
2 0.452253 0.856231 0.144286 0.081418
2 0.187995 0.806623 0.065769 0.045784
2 0.123379 0.784366 0.063901 0.054701
2 0.101923 0.681940 0.118022 0.055970
2 0.744505 0.818078 0.035604 0.043246
2 0.823214 0.790093 0.065549 0.035634
2 0.883159 0.784366 0.054341 0.031791
0 0.496099 0.601530 0.614505 0.203582
1 0.503599 0.962220 0.925440 0.044515
