2 0.448544 0.535019 0.157418 0.115784
0 0.492555 0.788190 0.751264 0.227724
2 0.605907 0.385522 0.089945 0.068731
2 0.293984 0.440858 0.080604 0.049627
3 0.195632 0.512108 0.101154 0.072500
3 0.194670 0.613246 0.114286 0.053433
3 0.738929 0.628526 0.127418 0.071231
3 0.693022 0.556007 0.103077 0.053433
3 0.537527 0.472034 0.162967 0.109440
3 0.269615 0.206138 0.470220 0.267201
3 0.763297 0.166698 0.352198 0.216306
3 0.350192 0.619627 0.129286 0.073806
2 0.489753 0.355616 0.123681 0.072500
2 0.846978 0.481567 0.306044 0.207388
