2 0.641511 0.223955 0.127418 0.127239
2 0.252747 0.559179 0.196703 0.153955
2 0.267747 0.728396 0.234176 0.108134
2 0.534698 0.709963 0.172363 0.132313
2 0.769835 0.700410 0.181758 0.184478
2 0.809176 0.536287 0.178022 0.187052
2 0.593736 0.396343 0.159231 0.110672
2 0.472912 0.410951 0.149890 0.170485
2 0.826044 0.370261 0.125495 0.175597
2 0.855082 0.216940 0.119945 0.100522
2 0.536593 0.244310 0.183626 0.142500
2 0.270577 0.248750 0.131154 0.115784
2 0.151401 0.244049 0.138626 0.122127
0 0.525137 0.836903 0.841154 0.101791
1 0.487665 0.926586 0.934890 0.092873
