2 0.928104 0.400131 0.050604 0.047052
2 0.206841 0.425578 0.166758 0.103022
2 0.195604 0.545187 0.103077 0.049627
0 0.492527 0.753825 0.861758 0.192127
3 0.199121 0.261194 0.342857 0.125970
1 0.511099 0.911959 0.925495 0.137425
2 0.457692 0.161325 0.106813 0.091604
2 0.617115 0.124049 0.140495 0.090336
2 0.507527 0.521642 0.104945 0.055970
2 0.604945 0.557257 0.082418 0.073769
2 0.680824 0.561716 0.076813 0.049627
2 0.810082 0.550896 0.110495 0.071269
2 0.717335 0.384235 0.052473 0.045784
2 0.751071 0.378489 0.059945 0.039440
2 0.811951 0.402034 0.058077 0.038172
2 0.869093 0.390578 0.059945 0.038172
